%% Estmating the paramters in our proposed model

% NOTE: Important to withhold one for testing purposes

% Input parameters


% Steady state solutions
x1_ss = [0.021945 0.046896 0.022411 0.010722];
x2_ss = [0.27944 0.27232 2.85070 1.42620];
x3_ss = [0.13972 0.13616 1.42540 0.712850];